1.000000000 0.000000000 0.000000000 0.000000000 0.000000000 1.000000000 0.000000000 0.000000000 0.000000000 0.000000000 1.000000000 0.000000000
0.999999881 -0.000450639 -0.000045289 0.000067914 0.000450638 0.999999881 -0.000018709 -0.000300886 0.000045297 0.000018688 1.000000000 -0.000212200
1.000000000 0.000006163 0.000005210 -0.000144602 -0.000006163 1.000000000 -0.000105654 0.000275033 -0.000005211 0.000105654 1.000000000 0.000027187
0.999999881 -0.000493778 0.000108338 -0.000082442 0.000493790 0.999999881 -0.000110463 0.000004463 -0.000108284 0.000110517 1.000000000 -0.000100397
0.999999642 -0.000842694 0.000100451 -0.000003949 0.000842702 0.999999642 -0.000079165 -0.000038739 -0.000100384 0.000079249 1.000000000 -0.000298779
0.999999762 -0.000654416 0.000100161 0.000011960 0.000654426 0.999999762 -0.000097858 0.000042986 -0.000100097 0.000097924 1.000000000 -0.000271470
0.999999523 -0.000958084 -0.000096614 0.000346575 0.000958060 0.999999523 -0.000246102 0.000203904 0.000096849 0.000246009 0.999999940 0.000124385
0.999999881 -0.000459010 0.000217627 -0.000174470 0.000459040 0.999999881 -0.000138946 -0.000142618 -0.000217563 0.000139046 0.999999940 -0.000220125
0.999999642 -0.000807228 0.000073907 0.000060981 0.000807232 0.999999702 -0.000060752 -0.000143689 -0.000073858 0.000060811 1.000000000 -0.000340763
0.999999464 -0.001043888 0.000169022 -0.000099579 0.001043920 0.999999464 -0.000193322 -0.000204603 -0.000168820 0.000193498 0.999999940 -0.000819483
0.999999821 -0.000554441 0.000075751 0.000065678 0.000554452 0.999999821 -0.000145585 0.000092852 -0.000075670 0.000145627 1.000000000 -0.000570294
0.999999583 -0.000919993 -0.000043291 0.000449742 0.000919986 0.999999583 -0.000145963 0.000258414 0.000043425 0.000145923 1.000000000 -0.000169470
0.999999702 -0.000776013 0.000070545 0.000110629 0.000776026 0.999999702 -0.000183404 -0.000116225 -0.000070403 0.000183459 1.000000000 -0.000027955
0.999999642 -0.000848143 0.000163127 -0.000218248 0.000848163 0.999999642 -0.000126750 -0.000068546 -0.000163020 0.000126889 1.000000000 -0.000331493
0.999999821 -0.000547050 0.000005524 0.000213254 0.000547050 0.999999821 -0.000119864 -0.000243916 -0.000005459 0.000119867 1.000000000 0.000209004
0.999999583 -0.000931997 0.000044766 0.000269918 0.000932006 0.999999523 -0.000205807 0.000100636 -0.000044574 0.000205849 1.000000000 -0.000565691
0.999999762 -0.000719758 0.000099241 0.000014504 0.000719786 0.999999702 -0.000283249 0.000428898 -0.000099037 0.000283320 0.999999940 -0.000390160
0.999999702 -0.000737189 -0.000003933 0.000130417 0.000737188 0.999999702 -0.000143023 -0.000037626 0.000004039 0.000143020 1.000000000 -0.000352641
0.999999344 -0.001120862 -0.000165712 0.000736639 0.001120852 0.999999344 -0.000056287 -0.000234122 0.000165775 0.000056101 1.000000000 0.000004591
0.999999642 -0.000844817 -0.000071324 0.000412658 0.000844817 0.999999642 -0.000007151 -0.000364006 0.000071330 0.000007091 1.000000000 -0.000274511
0.999999523 -0.000979572 0.000065330 0.000483620 0.000979559 0.999999523 0.000198745 -0.000625820 -0.000065525 -0.000198681 1.000000000 -0.000434242
0.999999583 -0.000893702 0.000099067 -0.000020032 0.000893717 0.999999583 -0.000160506 -0.000414270 -0.000098923 0.000160594 1.000000000 -0.000513698
0.999993265 -0.001425769 0.003374744 -0.001063702 0.001498508 0.999764502 -0.021650314 -0.000800763 -0.003343080 0.021655226 0.999759912 0.004948672
0.999998152 -0.001914755 -0.000126722 -0.000296222 0.001914725 0.999998152 -0.000234956 0.000929242 0.000127171 0.000234712 0.999999940 0.011687001
0.999999821 0.000579837 -0.000088838 -0.000218551 -0.000580049 0.999996960 -0.002405870 0.000699340 0.000087443 0.002405921 0.999997079 0.018482547
0.999998450 -0.001736033 0.000268053 0.001072851 0.001737258 0.999987721 -0.004638743 -0.001264755 -0.000259997 0.004639202 0.999989212 0.021381231
0.999990284 0.003057215 0.003175044 -0.003533382 -0.003036408 0.999974012 -0.006537351 0.004878773 -0.003194947 0.006527646 0.999973536 0.024007645
0.999993920 -0.001918560 0.002914588 -0.001323620 0.001921352 0.999997616 -0.000955525 0.001222297 -0.002912748 0.000961119 0.999995232 0.033581503
0.999997735 -0.001938935 0.000771225 -0.000845988 0.001939604 0.999997616 -0.000867662 -0.000511528 -0.000769541 0.000869156 0.999999285 0.040092379
0.999997377 0.000536874 0.002241844 -0.003109510 -0.000527756 0.999991536 -0.004065522 0.001375270 -0.002244007 0.004064328 0.999989212 0.042002492
0.999999285 -0.000246751 0.001171478 -0.001296111 0.000250313 0.999995351 -0.003041497 -0.000348942 -0.001170722 0.003041789 0.999994695 0.048851155
0.999998748 -0.000736632 0.001420144 -0.002074076 0.000739953 0.999996960 -0.002339157 0.002649617 -0.001418417 0.002340205 0.999996185 0.055816632
0.999981940 0.004225468 0.004267287 -0.007253332 -0.004212606 0.999986589 -0.003018613 0.008123355 -0.004279985 0.003000582 0.999986351 0.059584398
0.999995828 -0.002702360 0.001009058 0.000456118 0.002701401 0.999995887 0.000949979 -0.001921596 -0.001011621 -0.000947248 0.999999046 0.071369149
0.999999344 -0.000595150 0.000952587 -0.001068283 0.000594363 0.999999523 0.000826217 0.001439048 -0.000953079 -0.000825651 0.999999225 0.075320698
0.999998271 0.001456228 0.001106691 -0.002503145 -0.001455819 0.999998868 -0.000370081 0.002753949 -0.001107229 0.000368469 0.999999344 0.081227228
0.999996364 0.001983735 0.001817048 -0.003676845 -0.001985935 0.999997318 0.001209764 0.003921553 -0.001814644 -0.001213368 0.999997556 0.091246821
0.999992847 -0.003558878 0.001251961 -0.001569253 0.003558721 0.999993622 0.000126763 0.000868192 -0.001252404 -0.000122307 0.999999225 0.097586229
0.999996960 0.002354763 0.000729300 -0.002794254 -0.002354937 0.999997139 0.000236712 0.002290932 -0.000728741 -0.000238429 0.999999702 0.102960624
0.999999225 -0.000929238 0.000835573 -0.001692618 0.000930213 0.999998808 -0.001168442 0.002821909 -0.000834486 0.001169219 0.999998987 0.108488649
0.999999881 -0.000485433 -0.000001450 -0.001133314 0.000485432 0.999999762 -0.000479317 0.001532086 0.000001683 0.000479316 0.999999940 0.114222988
0.999999940 0.000238797 -0.000093280 -0.002230169 -0.000238838 0.999999821 -0.000440033 0.001496317 0.000093175 0.000440055 0.999999881 0.120203942
0.999998569 0.000781852 0.001529095 -0.003588109 -0.000774700 0.999988735 -0.004672464 0.004988834 -0.001532731 0.004671272 0.999987960 0.124309741
0.999999166 -0.000712474 0.001049267 -0.003077642 0.000713585 0.999999106 -0.001058987 0.002623370 -0.001048512 0.001059735 0.999998927 0.127423570
0.999997735 0.001784932 0.001176476 -0.004055307 -0.001770390 0.999923408 -0.012248140 0.005169854 -0.001198248 0.012246028 0.999924362 0.135321945
0.999993503 -0.003604763 0.000041285 -0.000158527 0.003604888 0.999987066 -0.003594170 -0.000003679 -0.000028328 0.003594296 0.999993563 0.152453333
0.999999166 0.000923382 0.000946129 -0.003940444 -0.000919727 0.999992132 -0.003856536 0.003760960 -0.000949682 0.003855662 0.999992192 0.155883566
0.999994934 0.002944613 -0.001226981 -0.003171052 -0.002949470 0.999987721 -0.003975538 0.004885934 0.001215260 0.003979136 0.999991357 0.171879336
0.999999583 0.000739138 -0.000562806 -0.003209852 -0.000740378 0.999997258 -0.002205805 0.004133563 0.000561174 0.002206221 0.999997437 0.187166527
0.999999404 -0.000788113 -0.000792938 -0.002501954 0.000789769 0.999997556 0.002089672 0.001326274 0.000791289 -0.002090296 0.999997497 0.203182995
0.999999225 -0.000988026 -0.000762729 -0.002967607 0.000984990 0.999991655 -0.003970671 0.004094378 0.000766646 0.003969916 0.999991894 0.220150217
0.999999642 -0.000819004 -0.000168171 -0.004071831 0.000818130 0.999986410 -0.005137346 0.006357405 0.000172376 0.005137207 0.999986768 0.235483319
0.999998212 -0.001877086 -0.000164373 -0.004493479 0.001876164 0.999983430 -0.005446696 0.002308067 0.000174594 0.005446378 0.999985158 0.245679229
0.999998152 0.001914188 -0.000188366 -0.005388189 -0.001915382 0.999976695 -0.006557047 0.005054772 0.000175810 0.006557398 0.999978483 0.264506578
0.999999404 0.000891382 0.000685436 -0.006073152 -0.000886219 0.999971569 -0.007496433 0.003962558 -0.000692099 0.007495821 0.999971688 0.272717595
0.999996781 0.002504073 -0.000447304 -0.007018490 -0.002507149 0.999972284 -0.007014420 0.004450835 0.000429727 0.007015519 0.999975324 0.290809721
0.999998689 0.001516649 -0.000668340 -0.006110843 -0.001519656 0.999988675 -0.004520728 0.002616044 0.000661476 0.004521738 0.999989569 0.302282453
0.999994993 0.001635000 -0.002736505 -0.006237045 -0.001649876 0.999983847 -0.005442585 0.003294763 0.002727563 0.005447072 0.999981463 0.317894310
0.999999404 0.000652617 -0.000937160 -0.007408077 -0.000662321 0.999945760 -0.010393027 0.004492334 0.000930327 0.010393642 0.999945581 0.334441453
0.999994874 0.002973700 -0.001213483 -0.006434592 -0.002983653 0.999961197 -0.008284074 0.005476356 0.001188802 0.008287652 0.999964952 0.335961670
0.999999225 0.000076876 -0.001264759 -0.007335770 -0.000090304 0.999943614 -0.010620203 -0.001567993 0.001263872 0.010620310 0.999942720 0.346679062
0.999998987 0.000711623 -0.001255474 -0.007891592 -0.000724023 0.999950767 -0.009903724 0.005779807 0.001248364 0.009904624 0.999950111 0.355047941
0.999998689 0.000847188 -0.001398272 -0.008544906 -0.000859215 0.999962509 -0.008623200 0.003970694 0.001390914 0.008624392 0.999961793 0.367189795
0.999997199 0.002089177 -0.001107828 -0.008702775 -0.002097037 0.999972343 -0.007142005 0.003633406 0.001092877 0.007144310 0.999973774 0.376362860
0.999997795 0.001546519 -0.001391351 -0.008579713 -0.001559532 0.999954641 -0.009400656 0.004485034 0.001376749 0.009402808 0.999954820 0.401722610
0.999999464 -0.000442720 -0.001001974 -0.008049231 0.000432806 0.999951184 -0.009872946 0.005969776 0.001006296 0.009872505 0.999950767 0.416643202
0.999999106 0.000231995 -0.001317687 -0.009370093 -0.000243510 0.999961734 -0.008745076 0.003979682 0.001315607 0.008745389 0.999960840 0.419534117
0.999995887 -0.002345250 -0.001658861 -0.008202148 0.002329165 0.999950945 -0.009633016 0.005550471 0.001681371 0.009629113 0.999952257 0.427146107
0.999996901 -0.001997988 -0.001495120 -0.008835679 0.001986091 0.999966741 -0.007917049 0.004323573 0.001510888 0.007914056 0.999967575 0.437413722
0.999998212 -0.001739743 -0.000777478 -0.010129653 0.001732293 0.999953568 -0.009481914 0.005783045 0.000793938 0.009480550 0.999954700 0.442513257
0.999992907 -0.000250505 -0.003760844 -0.008929441 0.000223354 0.999973953 -0.007218044 0.005372372 0.003762554 0.007217153 0.999966800 0.462979287
0.999996603 -0.001384226 -0.002230232 -0.009558907 0.001366827 0.999968827 -0.007784446 0.003027780 0.002240938 0.007781373 0.999967217 0.469405979
0.999997079 0.001660778 -0.001711139 -0.011510727 -0.001674423 0.999966621 -0.008004237 0.006224269 0.001697788 0.008007080 0.999966502 0.477904499
0.999993145 0.002854097 -0.002323750 -0.010374969 -0.002873859 0.999959350 -0.008546178 0.002911011 0.002299264 0.008552798 0.999960721 0.484957933
0.999997497 0.000710161 -0.002127007 -0.010056062 -0.000729416 0.999958634 -0.009065498 0.007786355 0.002120481 0.009067027 0.999956608 0.492079198
0.999997437 -0.001148360 -0.001964035 -0.010433457 0.001132116 0.999965310 -0.008251824 0.004827646 0.001973443 0.008249579 0.999963939 0.499794483
0.999993563 0.002001366 -0.002976409 -0.010597380 -0.002024833 0.999966860 -0.007902434 0.007491176 0.002960494 0.007908411 0.999964356 0.507041216
0.999995828 0.000442111 -0.002861998 -0.010240470 -0.000464734 0.999968648 -0.007908747 0.006743524 0.002858412 0.007910043 0.999964654 0.508508563
0.999991119 0.002646815 -0.003260426 -0.010917264 -0.002667678 0.999975920 -0.006411269 0.007043308 0.003243378 0.006419912 0.999974191 0.515822470
0.999994457 -0.001343250 -0.003047143 -0.009263717 0.001315712 0.999958515 -0.009021463 0.006490448 0.003059134 0.009017403 0.999954700 0.521171808
0.999994576 -0.001815692 -0.002742225 -0.010347327 0.001791572 0.999960065 -0.008772621 0.006272067 0.002758043 0.008767662 0.999957800 0.529921174
0.999994397 -0.000723517 -0.003251900 -0.009690775 0.000696433 0.999965191 -0.008322225 0.007311620 0.003257808 0.008319913 0.999960124 0.537557662
0.999992311 0.001627785 -0.003583989 -0.010495043 -0.001653317 0.999973297 -0.007132397 0.007883805 0.003572282 0.007138268 0.999968171 0.542407274
0.999988556 0.002287284 -0.004192171 -0.009700013 -0.002326839 0.999952674 -0.009455141 0.007870984 0.004170345 0.009464789 0.999946475 0.552928030
0.999986053 0.001659439 -0.005009412 -0.009484987 -0.001697378 0.999969840 -0.007578848 0.003533931 0.004996684 0.007587246 0.999958694 0.562442422
0.999995947 0.000973365 -0.002661094 -0.011770458 -0.001013728 0.999883831 -0.015208521 0.014544510 0.002645982 0.015211158 0.999880791 0.564312518
0.999992669 0.001129831 -0.003628835 -0.011502493 -0.001158114 0.999969006 -0.007801340 0.007774043 0.003619908 0.007805487 0.999962986 0.574251771
0.999989331 0.002460551 -0.003912205 -0.010791915 -0.002500618 0.999944150 -0.010269851 0.007926511 0.003886717 0.010279524 0.999939620 0.580472171
0.999989808 0.002207472 -0.003929170 -0.011709884 -0.002237021 0.999969184 -0.007531988 0.007349559 0.003912422 0.007540703 0.999963939 0.587989032
0.999991536 -0.002337689 -0.003388001 -0.011441790 0.002308055 0.999959350 -0.008724395 0.005492886 0.003408258 0.008716503 0.999956191 0.592620015
0.999996424 -0.000677629 -0.002584540 -0.013846570 0.000652248 0.999951720 -0.009808405 0.008623732 0.002591062 0.009806685 0.999948561 0.599759579
0.999991238 0.002916835 -0.002993339 -0.014109029 -0.002939160 0.999967754 -0.007481128 0.010755574 0.002971421 0.007489861 0.999967515 0.606292188
0.999992549 -0.001044929 -0.003708715 -0.011619795 0.001011060 0.999957860 -0.009122341 0.008268707 0.003718091 0.009118523 0.999951541 0.613962948
0.999990165 -0.001820056 -0.004042041 -0.010877992 0.001787150 0.999965429 -0.008129472 0.010088809 0.004056697 0.008122168 0.999958813 0.619249403
0.999986529 0.002342485 -0.004636458 -0.012944669 -0.002371593 0.999977529 -0.006282615 0.006096610 0.004621637 0.006293526 0.999969542 0.624312758
0.999990404 -0.002658066 -0.003507628 -0.012299252 0.002634811 0.999974608 -0.006617656 0.009351302 0.003525128 0.006608349 0.999971986 0.628733218
0.999987602 -0.000621684 -0.004932328 -0.011457477 0.000584131 0.999970913 -0.007611447 0.009002323 0.004936917 0.007608473 0.999958873 0.636825085
0.999991417 0.000857795 -0.004051231 -0.013696425 -0.000891080 0.999965906 -0.008221199 0.010147875 0.004044041 0.008224740 0.999957979 0.642611325
0.999989927 -0.001912164 -0.004067677 -0.013051103 0.001877538 0.999962091 -0.008499407 0.007763360 0.004083776 0.008491682 0.999955595 0.649882257
0.999986172 0.002389834 -0.004705628 -0.014057592 -0.002431753 0.999957204 -0.008922726 0.009071268 0.004684104 0.008934044 0.999949098 0.653234482
0.999988854 -0.001765494 -0.004390948 -0.012456716 0.001715716 0.999934494 -0.011314869 0.008177583 0.004410637 0.011307209 0.999926269 0.660163343
0.999990523 0.001054768 -0.004258886 -0.014882699 -0.001075072 0.999988019 -0.004767967 0.009456749 0.004253807 0.004772500 0.999979556 0.664200962
0.999983191 0.001466214 -0.005626131 -0.014908735 -0.001487732 0.999991596 -0.003822526 0.011868833 0.005620479 0.003830830 0.999976873 0.673876464
0.999982476 0.002740287 -0.005262451 -0.014765973 -0.002761943 0.999987721 -0.004112448 0.007251654 0.005251118 0.004126909 0.999977708 0.684355080
0.999987423 0.002183469 -0.004524483 -0.015332579 -0.002218748 0.999967098 -0.007807085 0.008591358 0.004507287 0.007817024 0.999959290 0.690255642
0.999987304 0.001991075 -0.004651901 -0.014989816 -0.002009436 0.999990106 -0.003945604 0.009187650 0.004644000 0.003954899 0.999981344 0.699149430
0.999992788 -0.000087518 -0.003811430 -0.015961332 0.000049470 0.999950230 -0.009981817 0.009821778 0.003812114 0.009981554 0.999942899 0.705910921
0.999987125 0.001765483 -0.004754744 -0.015590125 -0.001784357 0.999990523 -0.003968292 0.007625461 0.004747693 0.003976725 0.999980807 0.719893038
0.999991119 0.000034746 -0.004229280 -0.016412243 -0.000056878 0.999986351 -0.005233172 0.008286574 0.004229041 0.005233365 0.999977350 0.721054256
0.999990582 0.000559543 -0.004314303 -0.016897069 -0.000579029 0.999989629 -0.004516984 0.010367231 0.004311731 0.004519439 0.999980450 0.732488990
0.999985933 0.002453837 -0.004709784 -0.017141243 -0.002463610 0.999994874 -0.002070486 0.010893732 0.004704679 0.002082060 0.999986768 0.739108324
0.999991417 -0.000214502 -0.004148705 -0.017390583 0.000189431 0.999981642 -0.006042610 0.009160189 0.004149926 0.006041772 0.999973118 0.742912948
0.999982893 0.002111647 -0.005460517 -0.016453290 -0.002129192 0.999992549 -0.003209337 0.009483194 0.005453699 0.003220907 0.999979913 0.749650002
0.999987483 0.000307219 -0.005020181 -0.016045947 -0.000331308 0.999988437 -0.004798509 0.009995940 0.005018649 0.004800111 0.999975860 0.753928006
0.999985039 -0.001773511 -0.005181612 -0.015639666 0.001746105 0.999984443 -0.005288721 0.009131894 0.005190912 0.005279594 0.999972582 0.760635316
0.999988794 0.000292055 -0.004720021 -0.016779080 -0.000323663 0.999977469 -0.006697400 0.009707190 0.004717960 0.006698851 0.999966443 0.760330617
0.999986470 -0.001813602 -0.004899922 -0.017109826 0.001785826 0.999982357 -0.005667211 0.009368131 0.004910115 0.005658384 0.999971926 0.770236313
0.999986529 0.001398062 -0.005013725 -0.017372005 -0.001430188 0.999978483 -0.006409813 0.011080166 0.005004656 0.006416896 0.999966860 0.771294355
0.999996483 -0.000761506 -0.002538798 -0.018988052 0.000731787 0.999931395 -0.011686644 0.014741791 0.002547523 0.011684743 0.999928474 0.775560677
0.999976337 0.003073755 -0.006149615 -0.017695090 -0.003108481 0.999979258 -0.005645261 0.010488326 0.006132134 0.005664243 0.999965191 0.786135137
0.999981761 0.001255896 -0.005912601 -0.016969102 -0.001289833 0.999982655 -0.005739488 0.010911603 0.005905291 0.005747008 0.999966085 0.794605315
0.999985337 0.000515569 -0.005404185 -0.016971439 -0.000558411 0.999968350 -0.007929172 0.011289928 0.005399927 0.007932071 0.999953926 0.798649788
0.999985278 0.001254175 -0.005299882 -0.018193368 -0.001283617 0.999983728 -0.005555562 0.011092198 0.005292830 0.005562281 0.999970496 0.804627717
0.999975026 0.003358363 -0.006224501 -0.016849015 -0.003418838 0.999946713 -0.009730725 0.011022927 0.006191490 0.009751760 0.999933243 0.810909092
0.999988854 -0.000718363 -0.004669989 -0.017738597 0.000682032 0.999969542 -0.007776624 0.012679985 0.004675434 0.007773351 0.999958873 0.813953936
0.999979913 0.002060490 -0.005991157 -0.017717719 -0.002091759 0.999984205 -0.005217556 0.015758734 0.005980312 0.005229984 0.999968410 0.823223889
0.999976873 -0.002521105 -0.006323582 -0.016304238 0.002487511 0.999982774 -0.005314793 0.014584681 0.006336872 0.005298940 0.999965906 0.828071475
0.999975920 -0.000866663 -0.006887896 -0.016397828 0.000811279 0.999967337 -0.008039579 0.011837352 0.006894639 0.008033798 0.999943972 0.836369216
0.999971271 -0.002286533 -0.007224187 -0.015504634 0.002249712 0.999984443 -0.005101075 0.012687665 0.007235738 0.005084677 0.999960899 0.845226705
0.999971688 -0.002920264 -0.006929817 -0.016015800 0.002871083 0.999970675 -0.007096571 0.015336145 0.006950338 0.007076475 0.999950826 0.854416788
0.999971390 -0.001430719 -0.007422757 -0.016419197 0.001398755 0.999989808 -0.004309681 0.014114431 0.007428847 0.004299176 0.999963164 0.863349795
0.999974132 -0.000982198 -0.007127483 -0.017526794 0.000935920 0.999978423 -0.006493324 0.013616947 0.007133708 0.006486486 0.999953508 0.875130236
0.999974906 0.000743623 -0.007036555 -0.016730107 -0.000851099 0.999882877 -0.015283390 0.011136682 0.007024365 0.015288999 0.999858499 0.884524286
0.999979258 -0.001538002 -0.006251748 -0.019966785 0.001492992 0.999973059 -0.007197913 0.016328964 0.006262650 0.007188430 0.999954581 0.893442869
0.999975741 -0.002547270 -0.006477894 -0.018460587 0.002495268 0.999964714 -0.008023244 0.014619226 0.006498103 0.008006886 0.999946833 0.899717689
0.999970078 -0.000484177 -0.007719948 -0.018301252 0.000448653 0.999989331 -0.004602631 0.014146818 0.007722096 0.004599030 0.999959648 0.910093188
0.999970555 0.001036455 -0.007601740 -0.018473556 -0.001072726 0.999988079 -0.004768949 0.017901406 0.007596707 0.004776963 0.999959767 0.913699925
0.999985993 -0.000759653 -0.005218525 -0.019628115 0.000696249 0.999926090 -0.012141095 0.016124025 0.005227364 0.012137295 0.999912739 0.919352055
0.999973536 -0.000122231 -0.007262198 -0.019289713 0.000082206 0.999984860 -0.005511601 0.014231278 0.007262762 0.005510859 0.999958456 0.926884592
0.999979734 0.000567996 -0.006342951 -0.022415349 -0.000589326 0.999994218 -0.003361512 0.017501604 0.006341005 0.003365182 0.999974251 0.930677474
0.999972105 -0.000997938 -0.007398265 -0.020199064 0.000983611 0.999997675 -0.001940037 0.011934999 0.007400184 0.001932706 0.999970794 0.935981572
0.999967694 0.001878866 -0.007811333 -0.020377317 -0.001917792 0.999985814 -0.004978793 0.013200379 0.007801868 0.004993614 0.999957144 0.943404794
0.999971569 0.000962064 -0.007485284 -0.020992015 -0.000979414 0.999996901 -0.002314569 0.015989115 0.007483036 0.002321834 0.999969363 0.948933005
0.999962628 0.002570226 -0.008241463 -0.020713359 -0.002589637 0.999993920 -0.002345476 0.014643312 0.008235386 0.002366731 0.999963284 0.951688468
0.999967456 -0.000329207 -0.008059083 -0.020202043 0.000291261 0.999988914 -0.004709202 0.011444132 0.008060543 0.004706701 0.999956489 0.956897140
0.999965012 0.001443065 -0.008231509 -0.019702762 -0.001487624 0.999984264 -0.005409747 0.015705885 0.008223574 0.005421804 0.999951541 0.960805297
0.999952376 0.002831708 -0.009333418 -0.018831871 -0.002862244 0.999990642 -0.003259974 0.015162682 0.009324099 0.003286533 0.999951124 0.971767128
0.999965191 -0.001737169 -0.008152805 -0.020428475 0.001697135 0.999986529 -0.004914828 0.016688421 0.008161232 0.004900821 0.999954760 0.975956082
0.999955535 0.002830255 -0.008991793 -0.020053990 -0.002868378 0.999987006 -0.004229661 0.017767388 0.008979704 0.004255265 0.999950707 0.980133712
0.999964893 -0.001839903 -0.008169339 -0.020259809 0.001782496 0.999973774 -0.007028922 0.019207437 0.008182057 0.007014114 0.999941945 0.984247983
0.999967098 -0.000286741 -0.008100032 -0.021404888 0.000254009 0.999991834 -0.004041700 0.014656483 0.008101124 0.004039510 0.999959111 0.984664738
0.999952614 0.003342775 -0.009139931 -0.021427518 -0.003369002 0.999990225 -0.002855656 0.019569008 0.009130298 0.002886313 0.999954164 0.989011824
0.999950349 0.003606795 -0.009285064 -0.020845681 -0.003686945 0.999956012 -0.008629555 0.020289656 0.009253531 0.008663361 0.999919653 0.996172130
0.999957681 -0.000596220 -0.009178653 -0.019677775 0.000554957 0.999989688 -0.004497474 0.014957257 0.009181241 0.004492190 0.999947846 1.010355115
0.999957323 0.001799976 -0.009065314 -0.021557909 -0.001842538 0.999987364 -0.004688795 0.019603219 0.009056762 0.004705298 0.999947906 1.018578410
0.999949276 0.003604890 -0.009403461 -0.021773346 -0.003642581 0.999985397 -0.003994271 0.012894990 0.009388925 0.004028322 0.999947727 1.025880337
0.999955833 0.001199552 -0.009315449 -0.021403782 -0.001247045 0.999986231 -0.005094258 0.017406480 0.009309209 0.005105651 0.999943614 1.032737255
0.999944866 0.003894632 -0.009748583 -0.022125214 -0.003928479 0.999986291 -0.003455248 0.017470056 0.009734992 0.003493355 0.999946535 1.045161724
0.999949455 0.000793171 -0.010018664 -0.020958256 -0.000813521 0.999997616 -0.002027287 0.016211202 0.010017033 0.002035335 0.999947727 1.057673693
0.999942601 0.002402954 -0.010436765 -0.022522610 -0.002419955 0.999995768 -0.001616736 0.017052725 0.010432835 0.001641900 0.999944210 1.072396040
0.999947250 0.000367172 -0.010262772 -0.022429090 -0.000392541 0.999996901 -0.002470066 0.016483374 0.010261835 0.002473965 0.999944270 1.084782839
0.999944508 -0.002230085 -0.010294212 -0.021443229 0.002178892 0.999985158 -0.004981553 0.017818825 0.010305168 0.004958846 0.999934554 1.095771194
0.999943972 -0.000779743 -0.010551054 -0.023234606 0.000738578 0.999992132 -0.003904775 0.017791394 0.010554015 0.003896765 0.999936700 1.114317775
0.999943972 -0.000834259 -0.010546194 -0.022220477 0.000757690 0.999973297 -0.007262203 0.019481406 0.010551971 0.007253806 0.999917984 1.122218847
0.999948025 -0.000090861 -0.010198344 -0.024309609 0.000036581 0.999985814 -0.005322449 0.021085937 0.010198683 0.005321799 0.999933839 1.135136962
0.999947965 0.000960681 -0.010153892 -0.024761150 -0.001014282 0.999985635 -0.005275181 0.021657301 0.010148676 0.005285207 0.999934494 1.145422220
0.999944210 -0.000797109 -0.010533179 -0.024707729 0.000761478 0.999993980 -0.003386337 0.020431640 0.010535814 0.003378127 0.999938786 1.150106311
0.999946594 -0.000114581 -0.010329027 -0.025249319 0.000061496 0.999986827 -0.005139574 0.019251531 0.010329479 0.005138664 0.999933422 1.162031412
0.999942541 0.001599389 -0.010603124 -0.026074480 -0.001650761 0.999986947 -0.004837960 0.020515807 0.010595247 0.004855186 0.999931991 1.171288610
0.999934912 0.002836143 -0.011042669 -0.027190685 -0.002833336 0.999995947 0.000269767 0.018961761 0.011043390 -0.000238461 0.999938965 1.184963465
0.999930322 0.003074341 -0.011395626 -0.026385304 -0.003099189 0.999992847 -0.002163444 0.018348809 0.011388892 0.002198612 0.999932647 1.190748096
0.999939740 -0.000495458 -0.010970738 -0.026393820 0.000444222 0.999989033 -0.004672302 0.019006331 0.010972931 0.004667147 0.999928892 1.197140813
0.999957740 -0.001841417 -0.009000135 -0.026320290 0.001694585 0.999865651 -0.016294913 0.029643103 0.009028929 0.016278977 0.999826729 1.210514307
0.999937534 0.003629942 -0.010567036 -0.030632157 -0.003695638 0.999973834 -0.006204116 0.022470843 0.010544240 0.006242781 0.999924898 1.213637829
0.999916971 0.004776259 -0.011962236 -0.028133197 -0.004798540 0.999986708 -0.001834557 0.016530825 0.011953317 0.001891807 0.999926746 1.223275185
0.999936700 -0.000310719 -0.011244234 -0.028121453 0.000272074 0.999993980 -0.003438191 0.021663409 0.011245234 0.003434915 0.999930859 1.235863447
0.999932289 0.004048381 -0.010911970 -0.030513998 -0.004084894 0.999986112 -0.003325871 0.021628626 0.010898354 0.003370221 0.999934971 1.250993133
0.999927282 0.004127850 -0.011328155 -0.030781131 -0.004163251 0.999986470 -0.003103246 0.020758299 0.011315190 0.003150185 0.999931037 1.260976195
0.999936461 -0.000745571 -0.011242504 -0.029663762 0.000716069 0.999996245 -0.002627996 0.020505099 0.011244422 0.002619778 0.999933302 1.274458647
0.999920726 0.002173123 -0.012396996 -0.031035520 -0.002098550 0.999979615 0.006025270 0.022553835 0.012409838 -0.005998777 0.999904990 1.288895965
0.999933302 0.000201693 -0.011550097 -0.031236809 -0.000224591 0.999997914 -0.001981165 0.022897344 0.011549673 0.001983629 0.999931335 1.302460074
